0.6643963783231188 1.1372579224465107 7.283585875525047
2.157073397993796 0.6156799649753941 9.201959840099743
8.50704424401022 6.908229115246512 8.299752410285254
9.346437184966138 8.116268727739978 4.229276576014071
6.262669826564764 6.460240624746443 4.728817759002558
8.499069208922805 5.346642728064708 8.024171298283159
3.3301423858063997 6.30866151828573 8.532012893602678
4.855099916910897 7.087371190224569 2.070520009850938
6.356466389413513 5.180107474291179 1.8134780392520433
6.903498279128547 2.2516268655986407 8.53684050691374
