2.8857502675031563 4.509145300873628 0.02995440423519291
4.627299036586237 7.792757716645706 4.174063360000751
9.632753575566595 0.527285922187446 0.7735314265006044
3.576770536836568 6.427026520258307 9.525505943452464
2.359515099293091 0.029117809996144217 1.5113384585545697
1.7095670004274954 2.6707528896034893 2.101645512734498
2.243692377289287 3.393751136568018 2.456646832346525
2.6128107182708824 2.912512745345782 4.663435630970675
3.353601217964898 4.630960097851294 4.367712563995532
5.545813207307118 7.229250012508393 3.2127395358537236
1.2559499472540714 7.344081935694373 6.17240669784327
7.9942114876496815 1.7248819588120523 3.84610153119483
7.939833196558276 8.206031852335322 7.244422509484158
4.354846447093489 6.485377816798231 2.201613894359923
9.538721898571564 6.7868058158668365 3.5739851295542815
8.167285979170616 7.530781838010964 4.445817645309917
5.422532629813242 1.3260270748302394 9.672325073519751
4.503645160931962 7.811401572544917 5.65144254141726
6.064746157608366 9.704935706719032 4.17514668711096
4.876220596720203 0.3726641871213576 7.363029293301045
3.807577999254932 8.40939133163076 3.689811132361408
1.32441246405409 1.5060224805305311 2.669279307477116
1.2376829068962025 3.253440953508253 5.731486846309081
7.294132320027877 8.060594789981767 9.32528148960435
9.675898664622405 8.709971452030787 1.7264732156508322
7.213856045396099 8.504546713928185 0.6153009605976434
8.450929818615347 6.122890909171098 6.481309299242115
2.0848831900132128 4.032859850013292 9.532012983381872
9.686197954830527 9.199867970092239 2.523014851967602
6.31615129369539 3.5992056328515645 5.379139840851435
3.6426982453167067 0.9453413676716294 9.951399722370942
8.916831393675103 4.627939227045784 7.583349373596569
3.933652386942772 3.623519321173656 3.3952019798733737
6.0773658174820175 1.1053544964945872 9.923708228432101
7.707890073628888 0.06734461660117486 3.1599123273913463
9.27977609122012 9.368609639457931 8.742395018130228
3.0807800014151523 4.392641406866332 3.3703580824096377
4.13295472023549 3.161231753706896 1.2719841294368506
9.410507020535533 5.2513100984188625 3.8630358001931544
6.973933211378531 7.204653120599281 8.879348624383276
7.553637190214728 8.571713303136097 7.633113326454847
4.3512635117630865 8.78841948823511 4.7548174200807605
8.911040603015689 6.290255255750318 1.994058368827697
1.3448521992556817 0.6938470516244133 4.932102164957798
8.160943570685339 5.971284309683381 9.312813438230027
8.404804001934142 4.467088457994754 5.167886642200527
4.181481176467669 5.132325893526421 4.632907871225349
9.23076925118109 8.821610234275074 7.391804754411461
3.245694466816719 6.321451805675942 9.928203889715787
8.977395847112872 4.294575949549392 7.503517757479292
