8.151929412935333 6.524910827644885 9.823340833091684
3.0844177742403223 5.6999219248688195 9.072671567653607
5.778975231501451 3.6059334415691104 5.7102791507179
9.75259454579679 6.595013261700872 3.1856962506507225
7.6838228622592295 4.220646960218474 5.310994032357112
1.2780428063925287 9.414295347617625 7.339517213817941
1.1707183147168498 2.454611675051994 6.285306338625359
8.920075822644588 4.992980525293442 8.782372052258566
3.0924310639474815 8.983302058112447 6.578711178157635
9.23264536688752 3.460339279630956 3.7868753637412422
9.951952547634024 6.256922460751512 8.770546914016714
7.659461529527252 6.109046500506057 1.745357581867294
1.9235835465962337 8.547053026731032 8.389862229209006
0.7263996648027282 1.2300637476649956 7.099548269643269
2.5868508253364286 1.371096774964552 6.258368884904732
0.11208481945092719 2.4721619674406514 4.13319129743985
0.562331729901957 9.18446758896546 1.550011998860732
1.1861984911436663 5.870535382249528 4.57336418441293
3.53094786981372 9.711240134387742 8.539527639368726
2.385764008816744 7.276602150795708 9.044485327350287
1.8564638325727856 0.4985295088072639 6.777988936108356
2.2106240436670044 7.122392988649004 4.887692965877308
3.1073428375781518 6.948881532710137 2.3556000708416915
3.4124834781786806 3.2229569955484525 9.980657817879026
9.925126202756587 8.522891944807673 0.008427977754296156
0.9729537649732323 3.4577908549509315 3.845918408829113
8.992170365108878 9.419326935724676 9.957738255077263
2.1544623614145495 9.820014882204116 8.49019224070219
5.235741159690873 3.8341587510205133 4.74316035817592
4.796868402951433 9.466190137992585 5.637275493222351
2.1356968483580885 1.9688423816310863 4.972906510263837
9.249132290327864 0.37037830367007696 8.961307154654122
0.19061732063249015 7.991313407380353 6.258269930747213
1.0901017162341875 2.157130890839929 7.847285933082006
2.697350640203652 2.9337656278156574 4.86196128461782
5.91986019442515 2.1771062394567364 7.447492660471619
2.310346463338008 5.416253803456149 6.350597584713887
4.9013537194142565 3.2573138117803535 1.3053533402412854
7.012445857283733 8.58522586224551 9.22464347125488
4.903094655722824 0.5106265909285712 1.6154572605241602
8.634291208994977 8.815708384071359 5.871920248709664
0.6333631689117714 7.675025893176054 5.906908787926697
6.735314979517824 7.7032315511840865 2.864749285012209
7.253930792737795 8.564619922040276 1.2975973610726088
1.1791630834362699 4.418646617622652 5.550989453516049
0.9001169688733435 1.088151123525084 0.7838252932011469
6.118018398260126 7.461457041442696 1.8744525920341537
5.190922607697442 2.0065223197916184 3.7111877402240045
9.204900330003777 8.66461771120422 3.5430645774018354
4.158750618264446 2.0827031346704725 1.6206467774300892
